Training:
0.9088888888888889
              precision    recall  f1-score   support

           0       0.98      0.76      0.85       180
           1       0.98      0.89      0.94       180
           2       0.97      0.94      0.95       180
           3       0.99      0.93      0.96       180
           4       1.00      0.97      0.98       180
           5       1.00      0.98      0.99       180
           6       0.98      0.92      0.95       180
           7       0.55      0.99      0.71       180
           8       0.98      0.81      0.88       180
           9       0.99      0.91      0.95       180

    accuracy                           0.91      1800
   macro avg       0.94      0.91      0.92      1800
weighted avg       0.94      0.91      0.92      1800



Testing:
0.885
              precision    recall  f1-score   support

           0       1.00      0.70      0.82        20
           1       0.94      0.80      0.86        20
           2       1.00      0.90      0.95        20
           3       1.00      0.85      0.92        20
           4       1.00      0.95      0.97        20
           5       0.91      1.00      0.95        20
           6       0.95      1.00      0.98        20
           7       0.51      1.00      0.68        20
           8       1.00      0.80      0.89        20
           9       1.00      0.85      0.92        20

    accuracy                           0.89       200
   macro avg       0.93      0.89      0.89       200
weighted avg       0.93      0.89      0.89       200