Test, average loss = 0.616, accuracy = 0.900
              precision    recall  f1-score   support

           0       0.50      0.75      0.60         4
           1       1.00      1.00      1.00         4
           2       0.75      0.75      0.75         4
           3       1.00      1.00      1.00         4
           4       1.00      1.00      1.00         4
           5       1.00      1.00      1.00         4
           6       1.00      0.50      0.67         4
           7       1.00      1.00      1.00         4
           8       1.00      1.00      1.00         4
           9       1.00      1.00      1.00         4

    accuracy                           0.90        40
   macro avg       0.93      0.90      0.90        40
weighted avg       0.93      0.90      0.90        40