Test, average loss = 0.496, accuracy = 0.833
              precision    recall  f1-score   support

           0       0.67      0.67      0.67         3
           1       1.00      1.00      1.00         3
           2       0.50      0.33      0.40         3
           3       0.75      1.00      0.86         3
           4       1.00      1.00      1.00         3
           5       1.00      1.00      1.00         3
           6       1.00      0.33      0.50         3
           7       1.00      1.00      1.00         3
           8       0.75      1.00      0.86         3
           9       0.75      1.00      0.86         3

    accuracy                           0.83        30
   macro avg       0.84      0.83      0.81        30
weighted avg       0.84      0.83      0.81        30