Accuracy: 0.7
              precision    recall  f1-score   support

           0       1.00      0.33      0.50         3
           1       1.00      1.00      1.00         3
           2       1.00      0.67      0.80         3
           3       0.50      0.33      0.40         3
           4       1.00      1.00      1.00         3
           5       1.00      1.00      1.00         3
           6       0.00      0.00      0.00         3
           7       0.33      1.00      0.50         3
           8       0.60      1.00      0.75         3
           9       1.00      0.67      0.80         3

    accuracy                           0.70        30
   macro avg       0.74      0.70      0.68        30
weighted avg       0.74      0.70      0.68        30
